precision    recall  f1-score   support

          10       0.85      0.84      0.84       151
           3       0.86      0.85      0.85       202
          17       0.87      0.85      0.86       195
           4       0.65      0.89      0.75       183
          12       0.95      0.89      0.92       205
          19       0.95      0.88      0.92       215
          11       0.92      0.71      0.80       193
          13       0.92      0.95      0.93       196
           0       0.90      0.95      0.93       168
           8       0.98      0.97      0.97       211
           7       0.95      0.99      0.97       198
           5       0.88      0.98      0.93       201
           1       0.95      0.84      0.89       202
          14       0.98      0.94      0.96       194
          16       0.94      0.99      0.96       189
           6       0.70      0.99      0.82       202
           9       0.81      0.98      0.89       188
          18       0.93      0.99      0.96       182
           2       0.97      0.73      0.83       159
          15       1.00      0.28      0.44       136

    accuracy                           0.88      3770
   macro avg       0.90      0.87      0.87      3770
weighted avg       0.90      0.88      0.88      3770
